363
529
573
765
937
1028
1099
1492
1881
2061
2094
2127
2205
2214
2288
2822
2834
3548
3707
3768
3789
4075
4550
5316
5564
5777
5886
5897
6534
6645
6811
7413
7418
7676
7882
7959
7961
7965
8495
8512
8753
8762
8919
9006
9456
9458
9831
9952
10005
10082
10099
10552
10616
10760
10811
10821
10963
11485
11491
11530
11659
12378
12550
12611
12677
12717
12767
12858
12902
12910
13068
13309
13662
14015
14239
14561
14931
14997
15107
15119
15145
15166
15257
15280
15545
16091
16241
16323
16541
16596
16617
16635
16646
16785
17155
17574
17666
17705
17748
18150
18314
18428
18557
18697
18952
19139
19186
19271
19316
19447
19489
19947
20079
20325
20664
20787
20992
21240
21542
21988
22083
22237
22575
22588
22692
23410
23506
23512
23774
23793
23856
23867
23897
24190
24515
24950
25291
25329
25755
25760
25776
25838
25863
25917
26241
26296
26395
26400
26586
26628
26926
27174
27295
27437
27654
27704
27838
27924
27982
28708
28867
29193
29392
29529
29851
29987
30004
30028
30115
30538
30557
31284
31390
31458
31556
31971
32162
32187
32217
32626
32708
32938
32956
33274
33444
33515
33860
33984
33993
34050
34113
34155
34293
34320
34614
34629
34730
34788
34930
35041
35191
35215
35309
35765
35801
36846
37094
37403
37527
37548
37631
37837
37866
37990
38006
38136
38184
38226
38254
38257
38384
38565
38803
38903
38980
38997
39027
39075
39359
39780
39888
40026
40099
40611
40806
40916
41178
41370
41975
41989
42075
42233
42250
42260
42574
42918
42941
43054
43091
43515
43750
44212
44349
44375
44385
44413
44526
44625
44633
45006
45104
45117
45134
45291
45469
45497
45502
45593
45647
45708
45772
45814
45853
46004
46100
46858
47263
47389
47390
47913
47935
47945
47983
48084
48128
48289
48317
48395
48770
48807
48866
49244
49268
49335
49356
49815
50003
50012
50294
50375
50400
50586
50716
51029
51161
51458
51888
52018
52251
52309
52656
53123
53273
53317
53351
53483
53898
54506
54752
54864
54886
54893
54952
55407
55478
55713
56172
56252
56257
56350
56438
57130
57184
57238
57300
57396
57534
58049
58231
58242
58286
58403
58523
58762
58805
59079
59569
59653
59742
59768
59945
60023
60024
60109
60113
60244
60269
60324
60595
60636
61007
61161
61445
61478
61887
61914
62194
62471
62491
62785
62901
63599
63716
63779
63964
63972
64183
64567
65013
65306
65317
65491
65750
66078
66117
66507
66733
67130
67185
67252
67567
67841
67875
68001
68293
68369
68453
68563
68662
68754
68893
69129
69518
69607
69700
69814
69930
69988
70184
70204
70405
70508
70689
70714
70758
70959
70960
71188
71416
71436
71780
71848
72431
72473
72717
72779
73010
73014
73318
73350
73380
73424
73510
73789
73926
74001
74085
74114
74115
74421
74443
74599
74659
74792
75119
75179
75190
75325
75358
75455
75675
75797
75938
76293
76403
76454
76483
76938
76946
77003
77070
77105
77335
77416
77550
77802
78254
78269
78370
78620
78621
78688
78827
78999
79157
79470
79887
80034
80459
81217
81280
81428
81470
81565
81701
81864
81897
82140
82266
82302
82582
82695
83747
83783
84134
84159
84271
84738
84791
85003
85006
85194
85200
85207
85301
85407
85811
86426
86429
86595
87128
87202
87355
87672
87871
88031
88127
88132
88175
88441
88519
88843
88862
89662
89964
90429
90468
90885
91172
91178
91206
91245
91572
91692
91777
91896
92340
92390
93110
93181
93421
93607
93845
93852
93961
94483
94584
94670
94953
95406
95553
95648
95693
95874
95941
96020
96357
96556
97081
97128
97523
97529
97533
97824
97938
97955
97970
97975
98157
98286
98341
98461
98762
98982
99400
99790
99849
99857
99947
100278
101844
101917
101938
102034
102320
103052
103131
103242
103797
103861
104188
104230
104428
104582
104656
104875
105010
105368
105617
106066
106195
106516
106529
106753
107001
107012
107043
107126
107584
107772
107928
108147
108322
108385
108942
108977
109126
109185
109263
110006
110435
110473
110569
110601
110944
111069
111073
111093
111300
111789
111942
111950
112011
112134
112391
112650
112701
112715
113148
113158
113168
113212
113656
114070
114260
114267
114498
114651
115039
115050
115372
115679
115864
116113
116366
116428
116749
116872
117087
117383
117447
117995
118082
118206
118358
118477
118827
119265
119277
119346
119707
119877
119886
119923
120152
120525
120903
121084
121371
121401
121592
121902
122177
122189
122631
122686
122721
123433
123592
123894
124127
124134
124317
124394
124469
124528
124698
124699
124995
125277
125447
125509
126242
126637
126642
126781
126920
127057
127148
127210
127330
127390
127542
127657
127671
127891
128445
129215
129295
129472
129533
129608
129611
129867
130136
130592
130608
130676
130827
130991
131327
131374
131601
131632
131835
131859
131966
132018
132224
132286
132295
132319
132417
132459
132552
132947
132978
133198
133219
133544
133565
133670
133792
133947
134388
134441
134543
134985
135114
135300
135431
135450
135632
135660
135841
135900
135913
136092
136158
136182
136317
136411
136770
136835
136860
136868
137258
137517
137761
137861
138037
138211
138242
138374
138485
138550
138604
138646
138699
138834
138876
139308
139565
139736
139762
139846
140132
140675
140707
141039
141283
141346
141356
141557
141633
141666
141801
142145
142192
142318
142472
142550
142791
142840
142845
143357
143742
143928
144008
144232
144393
144433
144612
144657
144814
144840
144942
145155
145327
145332
145450
145567
145715
145951
146100
146120
146531
146660
146715
146821
147032
147453
147700
148184
148647
149034
149207
149310
149337
149458
149523
149632
149711
149951
149971
150450
150668
150758
150813
151034
151219
151724
151870
152191
152423
152446
152645
152870
153006
153033
153056
153300
153402
153689
153726
153737
154206
154224
154290
154527
154643
154953
155149
155265
155391
155429
155578
155930
156851
156937
157117
157146
157219
157396
157842
158512
158608
158753
158872
159088
159351
159560
159566
159704
159891
160110
160303
160439
160542
160675
160731
160890
160996
161072
161101
161116
161235
161274
161284
161285
161548
161567
161610
161957
162683
162712
163066
163380
163588
163605
163649
163903
164095
164107
164364
164508
164824
165112
165351
165474
165496
165563
165585
166422
166546
166803
166804
167213
167242
167255
167276
167378
167462
167685
168022
168789
168794
169105
169457
169663
169664
169714
169936
170449
170567
170577
170603
170642
170936
170959
171117
171430
171475
171573
171978
172015
172017
172070
172578
172843
172914
173239
173257
174016
174027
174110
174465
174658
174967
175601
175983
176101
176856
176879
177003
177084
177161
177219
177488
177502
177673
177785
177797
177906
178215
178302
178382
178482
178678
178745
178968
179041
179139
179239
179492
179679
179887
180113
180296
180351
180704
180714
180903
181168
181318
181399
181682
181742
181807
182355
182494
182503
182843
183152
183310
183576
183730
184032
184069
184122
184267
184482
184490
184715
184754
184887
185188
185536
185618
185739
185748
185833
185959
186024
186327
186465
186576
186587
186680
186821
186882
186884
186925
187071
187171
187582
187600
188097
188099
188283
188594
188617
188627
188886
189113
189415
189427
189492
189565
189771
189975
190049
190158
190330
190494
190583
190601
190792
190919
190985
191191
191373
191588
191693
191753
192121
192203
192326
192383
192581
192645
193077
193150
193214
193322
193430
193667
193777
193803
194211
194477
194684
195544
195786
195845
196066
196328
196818
196862
196890
196940
197263
197736
197771
197941
198034
198110
198196
198724
198727
198957
199119
199467
199563
199648
199659
199668
199806
200037
200046
200092
200446
200522
200611
200892
201016
201369
201910
201995
202149
202204
202589
202655
202978
202991
203115
203574
203638
203641
203700
203782
203841
204162
204269
204819
205055
205183
205184
205237
205369
205435
205553
205882
205985
206333
206371
206481
206482
206601
206791
206950
207000
207011
207035
207321
207371
207687
207935
208446
208503
208508
208652
208807
208916
208956
209149
209364
210806
210874
210913
210966
211118
211130
211172
211184
211821
212017
212127
212316
212384
212474
212514
212770
212974
213216
213388
213543
213778
213959
214059
214253
214378
214559
214638
214880
214898
215695
215790
215798
215865
215879
216147
216468
216476
216478
216695
216827
216838
216935
216987
216990
217031
217460
217517
218507
218509
218643
218681
219160
219183
219191
219376
219443
219508
219567
219683
219963
220246
221182
221196
221218
221559
221563
221594
221707
221989
222037
222188
222315
222382
222655
222984
223056
223167
223588
223968
223978
224112
224274
224565
224672
225064
225385
225493
225642
225718
225860
225966
226254
226294
226375
226382
226568
226621
226635
226881
226891
227136
227293
227622
227629
227674
227727
228005
228436
228557
228837
229034
229116
229124
229352
229615
229717
230196
230308
230430
230768
230841
230991
231062
231184
231215
231281
231387
231546
231549
231705
231809
231902
231905
231922
232058
233183
233237
233357
233499
233675
233698
234363
234367
234393
234525
234542
234990
235117
235176
235401
235420
235631
235961
235998
236064
236194
236406
236510
236523
236538
236724
236880
236951
237160
237412
237584
237590
237750
237753
237869
237928
238071
238128
238152
238564
238638
238718
238719
239362
239389
239473
239535
239586
239616
239631
239709
239726
239785
240065
240237
240294
240339
240519
240563
240813
241063
241080
241176
241474
242116
242184
243008
243440
243736
243989
244588
244640
244856
245119
245230
245231
245588
245599
245803
245842
245928
246021
246506
247127
247397
247603
247789
247912
248189
248445
248638
248715
249000
249546
249828
249910
250030
250072
250134
250244
250392
250486
250539
250797
251533
251703
252194
252218
252314
252539
252558
253192
253205
253582
253722
253742
253914
254033
254058
254537
254962
255096
255186
255389
255605
255892
255899
255979
256610
256843
257197
257240
257482
257543
257641
257815
258027
258117
258136
258165
258266
258484
258520
258708
258736
259189
259269
259728
259888
259926
260084
260159
260203
260300
260457
260503
260880
260927
260954
261279
261382
261417
261557
261697
262048
